VertexCount: 1
TriangleCount: 1
VertexList (pos, normal)
{
3.96247 -321.419 9.49749 32.3795 -32.2084 88.9617
2.65532 -245.352 37.513 32.3795 -32.2084 88.9617
3.00465 -321.419 9.84611 32.3795 -32.2084 88.9617
2.65532 -245.352 37.513 32.3795 -32.2084 88.9617
3.96247 -321.419 9.49749 32.3795 -32.2084 88.9617
21.0726 -245.352 30.8097 32.3795 -32.2084 88.9617
4.47212 -321.419 8.61475 87.3036 -30.2202 38.2729
30.3114 -239.02 14.4558 87.3036 -30.2202 38.2729
21.0726 -245.352 30.8097 87.3036 -30.2202 38.2729
4.47212 -321.419 8.61475 87.3036 -30.2202 38.2729
21.0726 -245.352 30.8097 87.3036 -30.2202 38.2729
3.96247 -321.419 9.49749 87.3036 -30.2202 38.2729
27.4689 -245.352 -5.46536 95.3643 -29.7136 -4.76873
4.47212 -321.419 8.61475 95.3643 -29.7136 -4.76873
4.29512 -321.419 7.61094 95.3643 -29.7136 -4.76873
4.47212 -321.419 8.61475 95.3643 -29.7136 -4.76873
27.4689 -245.352 -5.46536 95.3643 -29.7136 -4.76873
30.3114 -239.02 14.4558 95.3643 -29.7136 -4.76873
12.455 -245.352 -18.0635 61.086 -31.1246 -72.7994
4.29512 -321.419 7.61094 61.086 -31.1246 -72.7994
3.51429 -321.419 6.95575 61.086 -31.1246 -72.7994
4.29512 -321.419 7.61094 61.086 -31.1246 -72.7994
12.455 -245.352 -18.0635 61.086 -31.1246 -72.7994
27.4689 -245.352 -5.46536 61.086 -31.1246 -72.7994
12.455 -245.352 -18.0635 -11.6397 -29.6536 -94.7902
2.495 -321.419 6.95575 -11.6397 -29.6536 -94.7902
-7.70524 -239.02 -17.4439 -11.6397 -29.6536 -94.7902
2.495 -321.419 6.95575 -11.6397 -29.6536 -94.7902
12.455 -245.352 -18.0635 -11.6397 -29.6536 -94.7902
3.51429 -321.419 6.95575 -11.6397 -29.6536 -94.7902
1.71417 -321.419 7.61094 -53.1284 -30.1474 -79.1739
-7.70524 -239.02 -17.4439 -53.1284 -30.1474 -79.1739
2.495 -321.419 6.95575 -53.1284 -30.1474 -79.1739
-7.70524 -239.02 -17.4439 -53.1284 -30.1474 -79.1739
1.71417 -321.419 7.61094 -53.1284 -30.1474 -79.1739
-22.1583 -245.352 -5.46536 -53.1284 -30.1474 -79.1739
-25.5616 -245.352 13.8362 -93.2696 -32.0985 -16.4459
1.71417 -321.419 7.61094 -93.2696 -32.0985 -16.4459
1.53717 -321.419 8.61475 -93.2696 -32.0985 -16.4459
1.71417 -321.419 7.61094 -93.2696 -32.0985 -16.4459
-25.5616 -245.352 13.8362 -93.2696 -32.0985 -16.4459
-22.1583 -245.352 -5.46536 -93.2696 -32.0985 -16.4459
1.53717 -321.419 8.61475 0 -100 1.78814e-05
3.96247 -321.419 9.49749 0 -100 1.78814e-05
2.04682 -321.419 9.49749 0 -100 1.78814e-05
1.53717 -321.419 8.61475 0 -100 1.78814e-05
3.51429 -321.419 6.95575 0 -100 1.78814e-05
3.96247 -321.419 9.49749 0 -100 1.78814e-05
2.04682 -321.419 9.49749 0 -100 1.78814e-05
3.96247 -321.419 9.49749 0 -100 1.78814e-05
3.00465 -321.419 9.84611 0 -100 1.78814e-05
2.495 -321.419 6.95575 0 -100 1.78814e-05
1.53717 -321.419 8.61475 0 -100 1.78814e-05
1.71417 -321.419 7.61094 0 -100 1.78814e-05
3.51429 -321.419 6.95575 0 -100 1.78814e-05
1.53717 -321.419 8.61475 0 -100 1.78814e-05
2.495 -321.419 6.95575 0 -100 1.78814e-05
3.96247 -321.419 9.49749 0 -100 1.78814e-05
3.51429 -321.419 6.95575 0 -100 1.78814e-05
4.29512 -321.419 7.61094 0 -100 1.78814e-05
3.96247 -321.419 9.49749 0 -100 1.78814e-05
4.29512 -321.419 7.61094 0 -100 1.78814e-05
4.47212 -321.419 8.61475 0 -100 1.78814e-05
2.65532 -245.352 37.513 -38.0914 -31.6867 86.8619
2.04682 -321.419 9.49749 -38.0914 -31.6867 86.8619
3.00465 -321.419 9.84611 -38.0914 -31.6867 86.8619
2.04682 -321.419 9.49749 -38.0914 -31.6867 86.8619
2.65532 -245.352 37.513 -38.0914 -31.6867 86.8619
-16.3229 -239.02 31.4293 -38.0914 -31.6867 86.8619
2.04682 -321.419 9.49749 -78.9835 -31.6632 52.5267
-25.5616 -245.352 13.8362 -78.9835 -31.6632 52.5267
1.53717 -321.419 8.61475 -78.9835 -31.6632 52.5267
2.04682 -321.419 9.49749 -78.9835 -31.6632 52.5267
-16.3229 -239.02 31.4293 -78.9835 -31.6632 52.5267
-25.5616 -245.352 13.8362 -78.9835 -31.6632 52.5267
-34.219 88.5613 -87.2924 4.15042 99.9135 -0.244017
99.0248 101.636 23.422 4.15042 99.9135 -0.244017
87.1465 101.636 -43.9428 4.15042 99.9135 -0.244017
-97.9368 101.636 23.422 4.15042 99.9135 -0.244017
-34.219 88.5613 -87.2924 4.15042 99.9135 -0.244017
-86.0586 101.636 -43.9428 4.15042 99.9135 -0.244017
99.0248 101.636 23.422 4.15042 99.9135 -0.244017
-34.219 88.5613 -87.2924 4.15042 99.9135 -0.244017
64.8227 82.2287 82.6616 4.15042 99.9135 -0.244017
-34.219 88.5613 -87.2924 4.15042 99.9135 -0.244017
0.543976 82.2287 106.057 4.15042 99.9135 -0.244017
64.8227 82.2287 82.6616 4.15042 99.9135 -0.244017
-34.219 88.5613 -87.2924 4.15042 99.9135 -0.244017
87.1465 101.636 -43.9428 4.15042 99.9135 -0.244017
34.746 82.2287 -87.9121 4.15042 99.9135 -0.244017
-34.219 88.5613 -87.2924 4.15042 99.9135 -0.244017
-97.9368 101.636 23.422 4.15042 99.9135 -0.244017
0.543976 82.2287 106.057 4.15042 99.9135 -0.244017
0.543976 82.2287 106.057 4.15042 99.9135 -0.244017
-97.9368 101.636 23.422 4.15042 99.9135 -0.244017
-64.2957 107.969 83.2813 4.15042 99.9135 -0.244017
-55.8764 52.9558 73.9171 -76.6732 -43.1047 47.5733
-115.158 106.77 27.1326 -76.6732 -43.1047 47.5733
-85.2052 46.6231 21.5268 -76.6732 -43.1047 47.5733
-115.158 106.77 27.1326 -76.6732 -43.1047 47.5733
-55.8764 52.9558 73.9171 -76.6732 -43.1047 47.5733
-75.5853 113.102 97.266 -76.6732 -43.1047 47.5733
0.402475 106.77 124.099 -33.5649 -43.0362 83.7931
-55.8764 52.9558 73.9171 -33.5649 -43.0362 83.7931
0.858914 46.6231 93.7432 -33.5649 -43.0362 83.7931
-55.8764 52.9558 73.9171 -33.5649 -43.0362 83.7931
0.402475 106.77 124.099 -33.5649 -43.0362 83.7931
-75.5853 113.102 97.266 -33.5649 -43.0362 83.7931
-115.158 106.77 27.1326 -88.9814 -42.8503 -15.6898
-74.8246 46.6231 -37.3445 -88.9814 -42.8503 -15.6898
-85.2052 46.6231 21.5268 -88.9814 -42.8503 -15.6898
-74.8246 46.6231 -37.3445 -88.9814 -42.8503 -15.6898
-115.158 106.77 27.1326 -88.9814 -42.8503 -15.6898
-101.22 106.77 -51.9155 -88.9814 -42.8503 -15.6898
-74.8246 46.6231 -37.3445 -55.1094 -42.2952 -71.931
-40.2923 113.102 -102.891 -55.1094 -42.2952 -71.931
-29.5918 52.9557 -75.1504 -55.1094 -42.2952 -71.931
-40.2923 113.102 -102.891 -55.1094 -42.2952 -71.931
-74.8246 46.6231 -37.3445 -55.1094 -42.2952 -71.931
-101.22 106.77 -51.9155 -55.1094 -42.2952 -71.931
-29.5918 52.9557 -75.1504 -4.55239 -41.8666 -90.6998
40.5362 106.77 -103.511 -4.55239 -41.8666 -90.6998
30.7487 46.6231 -75.7701 -4.55239 -41.8666 -90.6998
40.5362 106.77 -103.511 -4.55239 -41.8666 -90.6998
-29.5918 52.9557 -75.1504 -4.55239 -41.8666 -90.6998
-40.2923 113.102 -102.891 -4.55239 -41.8666 -90.6998
40.5362 106.77 -103.511 58.4429 -41.6337 -69.6496
76.5425 46.6231 -37.3445 58.4429 -41.6337 -69.6496
30.7487 46.6231 -75.7701 58.4429 -41.6337 -69.6496
76.5425 46.6231 -37.3445 58.4429 -41.6337 -69.6496
40.5362 106.77 -103.511 58.4429 -41.6337 -69.6496
102.025 106.77 -51.9156 58.4429 -41.6337 -69.6496
76.5425 46.6231 -37.3445 90.7897 -39.5968 -13.7595
115.402 113.102 27.7522 90.7897 -39.5968 -13.7595
86.9231 46.6231 21.5268 90.7897 -39.5968 -13.7595
115.402 113.102 27.7522 90.7897 -39.5968 -13.7595
76.5425 46.6231 -37.3445 90.7897 -39.5968 -13.7595
102.025 106.77 -51.9156 90.7897 -39.5968 -13.7595
115.402 113.102 27.7522 80.2334 -40.2488 44.0754
57.0333 46.6231 73.2974 80.2334 -40.2488 44.0754
86.9231 46.6231 21.5268 80.2334 -40.2488 44.0754
57.0333 46.6231 73.2974 80.2334 -40.2488 44.0754
115.402 113.102 27.7522 80.2334 -40.2488 44.0754
75.8293 106.77 96.6463 80.2334 -40.2488 44.0754
57.0333 46.6231 73.2974 30.9337 -42.6599 84.9896
0.402475 106.77 124.099 30.9337 -42.6599 84.9896
0.858914 46.6231 93.7432 30.9337 -42.6599 84.9896
0.402475 106.77 124.099 30.9337 -42.6599 84.9896
57.0333 46.6231 73.2974 30.9337 -42.6599 84.9896
75.8293 106.77 96.6463 30.9337 -42.6599 84.9896
-9.58898 -244.029 22.4349 -78.3755 -33.7044 52.166
-45.9765 -168.002 16.8863 -78.3755 -33.7044 52.166
-15.2101 -250.361 11.1077 -78.3755 -33.7044 52.166
-45.9765 -168.002 16.8863 -78.3755 -33.7044 52.166
-9.58898 -244.029 22.4349 -78.3755 -33.7044 52.166
-29.8196 -161.669 46.462 -78.3755 -33.7044 52.166
2.16044 -168.002 57.278 -37.8252 -33.6729 86.2287
-9.58898 -244.029 22.4349 -37.8252 -33.6729 86.2287
2.59037 -250.361 26.0441 -37.8252 -33.6729 86.2287
-9.58898 -244.029 22.4349 -37.8252 -33.6729 86.2287
2.16044 -168.002 57.278 -37.8252 -33.6729 86.2287
-29.8196 -161.669 46.462 -37.8252 -33.6729 86.2287
-45.9765 -168.002 16.8863 -92.7857 -33.5133 -16.3606
-13.0631 -250.361 -1.06857 -92.7857 -33.5133 -16.3606
-15.2101 -250.361 11.1077 -92.7857 -33.5133 -16.3606
-13.0631 -250.361 -1.06857 -92.7857 -33.5133 -16.3606
-45.9765 -168.002 16.8863 -92.7857 -33.5133 -16.3606
-40.1705 -168.002 -16.0413 -92.7857 -33.5133 -16.3606
-4.15259 -244.029 -8.39643 -52.7722 -32.8765 -78.3213
-40.1705 -168.002 -16.0413 -52.7722 -32.8765 -78.3213
-15.1183 -161.669 -36.9137 -52.7722 -32.8765 -78.3213
-40.1705 -168.002 -16.0413 -52.7722 -32.8765 -78.3213
-4.15259 -244.029 -8.39643 -52.7722 -32.8765 -78.3213
-13.0631 -250.361 -1.06857 -52.7722 -32.8765 -78.3213
18.8782 -168.002 -37.5333 -11.2691 -32.5636 -93.8756
-4.15259 -244.029 -8.39643 -11.2691 -32.5636 -93.8756
-15.1183 -161.669 -36.9137 -11.2691 -32.5636 -93.8756
-4.15259 -244.029 -8.39643 -11.2691 -32.5636 -93.8756
18.8782 -168.002 -37.5333 -11.2691 -32.5636 -93.8756
8.77242 -250.361 -9.01606 -11.2691 -32.5636 -93.8756
18.8782 -168.002 -37.5333 60.7807 -32.5391 -72.4356
18.2439 -250.361 -1.06857 60.7807 -32.5391 -72.4356
8.77242 -250.361 -9.01606 60.7807 -32.5391 -72.4356
18.2439 -250.361 -1.06857 60.7807 -32.5391 -72.4356
18.8782 -168.002 -37.5333 60.7807 -32.5391 -72.4356
44.4914 -168.002 -16.0413 60.7807 -32.5391 -72.4356
44.4914 -168.002 -16.0413 94.3707 -31.2193 -10.9331
20.3909 -250.361 11.1077 94.3707 -31.2193 -10.9331
18.2439 -250.361 -1.06857 94.3707 -31.2193 -10.9331
20.3909 -250.361 11.1077 94.3707 -31.2193 -10.9331
44.4914 -168.002 -16.0413 94.3707 -31.2193 -10.9331
49.7365 -161.669 17.5059 94.3707 -31.2193 -10.9331
49.7365 -161.669 17.5059 84.4399 -31.7269 43.1661
14.2088 -250.361 21.8153 84.4399 -31.7269 43.1661
20.3909 -250.361 11.1077 84.4399 -31.7269 43.1661
14.2088 -250.361 21.8153 84.4399 -31.7269 43.1661
49.7365 -161.669 17.5059 84.4399 -31.7269 43.1661
33.5796 -168.002 45.8424 84.4399 -31.7269 43.1661
14.2088 -250.361 21.8153 32.2355 -33.4195 88.5664
2.16044 -168.002 57.278 32.2355 -33.4195 88.5664
2.59037 -250.361 26.0441 32.2355 -33.4195 88.5664
2.16044 -168.002 57.278 32.2355 -33.4195 88.5664
14.2088 -250.361 21.8153 32.2355 -33.4195 88.5664
33.5796 -168.002 45.8424 32.2355 -33.4195 88.5664
25.3272 -173.257 35.1814 32.0916 -34.5835 88.1709
1.61651 -82.9855 79.2186 32.0916 -34.5835 88.1709
2.14084 -173.256 43.6205 32.0916 -34.5835 88.1709
1.61651 -82.9855 79.2186 32.0916 -34.5835 88.1709
25.3272 -173.257 35.1814 32.0916 -34.5835 88.1709
47.4655 -82.9855 62.531 32.0916 -34.5835 88.1709
71.3003 -76.6528 20.896 83.2487 -33.0409 44.4742
25.3272 -173.257 35.1814 83.2487 -33.0409 44.4742
37.6644 -173.256 13.8128 83.2487 -33.0409 44.4742
25.3272 -173.257 35.1814 83.2487 -33.0409 44.4742
71.3003 -76.6528 20.896 83.2487 -33.0409 44.4742
47.4655 -82.9855 62.531 83.2487 -33.0409 44.4742
37.6644 -173.256 13.8128 93.663 -32.5997 -12.8259
63.3887 -82.9855 -27.7739 93.663 -32.5997 -12.8259
71.3003 -76.6528 20.896 93.663 -32.5997 -12.8259
63.3887 -82.9855 -27.7739 93.663 -32.5997 -12.8259
37.6644 -173.256 13.8128 93.663 -32.5997 -12.8259
33.3797 -173.256 -10.4867 93.663 -32.5997 -12.8259
26.0122 -82.9855 -59.1364 60.4717 -33.9038 -72.0674
33.3797 -173.256 -10.4867 60.4717 -33.9038 -72.0674
14.478 -173.256 -26.3471 60.4717 -33.9038 -72.0674
33.3797 -173.256 -10.4867 60.4717 -33.9038 -72.0674
26.0122 -82.9855 -59.1364 60.4717 -33.9038 -72.0674
63.3887 -82.9855 -27.7739 60.4717 -33.9038 -72.0674
26.0122 -82.9855 -59.1364 -7.34518 -34.0862 -93.724
-10.7573 -166.924 -25.7275 -7.34518 -34.0862 -93.724
-23.3401 -76.6529 -58.5168 -7.34518 -34.0862 -93.724
-10.7573 -166.924 -25.7275 -7.34518 -34.0862 -93.724
26.0122 -82.9855 -59.1364 -7.34518 -34.0862 -93.724
14.478 -173.256 -26.3471 -7.34518 -34.0862 -93.724
-10.7573 -166.924 -25.7275 -55.3356 -34.4147 -75.8525
-60.1556 -82.9855 -27.7739 -55.3356 -34.4147 -75.8525
-23.3401 -76.6529 -58.5168 -55.3356 -34.4147 -75.8525
-60.1556 -82.9855 -27.7739 -55.3356 -34.4147 -75.8525
-10.7573 -166.924 -25.7275 -55.3356 -34.4147 -75.8525
-29.098 -173.256 -10.4867 -55.3356 -34.4147 -75.8525
-68.6282 -82.9855 20.2763 -92.2988 -34.872 -16.2748
-29.098 -173.256 -10.4867 -92.2988 -34.872 -16.2748
-33.3827 -173.256 13.8128 -92.2988 -34.872 -16.2748
-29.098 -173.256 -10.4867 -92.2988 -34.872 -16.2748
-68.6282 -82.9855 20.2763 -92.2988 -34.872 -16.2748
-60.1556 -82.9855 -27.7739 -92.2988 -34.872 -16.2748
1.61651 -82.9855 79.2186 -35.7895 -34.8977 86.6098
-21.6064 -166.924 35.801 -35.7895 -34.8977 86.6098
2.14084 -173.256 43.6205 -35.7895 -34.8977 86.6098
-21.6064 -166.924 35.801 -35.7895 -34.8977 86.6098
1.61651 -82.9855 79.2186 -35.7895 -34.8977 86.6098
-44.7934 -76.6528 63.1506 -35.7895 -34.8977 86.6098
-21.6064 -166.924 35.801 -79.0628 -34.9983 50.2413
-68.6282 -82.9855 20.2763 -79.0628 -34.9983 50.2413
-33.3827 -173.256 13.8128 -79.0628 -34.9983 50.2413
-68.6282 -82.9855 20.2763 -79.0628 -34.9983 50.2413
-21.6064 -166.924 35.801 -79.0628 -34.9983 50.2413
-44.7934 -76.6528 63.1506 -79.0628 -34.9983 50.2413
-34.8644 -81.859 50.547 -79.5659 -35.0734 49.3875
-85.3368 -6.60002 22.6798 -79.5659 -35.0734 49.3875
-53.4313 -88.1917 16.7971 -79.5659 -35.0734 49.3875
-85.3368 -6.60002 22.6798 -79.5659 -35.0734 49.3875
-34.8644 -81.859 50.547 -79.5659 -35.0734 49.3875
-55.8689 -0.267367 75.3109 -79.5659 -35.0734 49.3875
1.1278 -6.60001 95.2322 -34.8556 -34.9649 86.9629
-34.8644 -81.859 50.547 -34.8556 -34.9649 86.9629
1.6449 -88.1917 63.0115 -34.8556 -34.9649 86.9629
-34.8644 -81.859 50.547 -34.8556 -34.9649 86.9629
1.1278 -6.60001 95.2322 -34.8556 -34.9649 86.9629
-55.8689 -0.267367 75.3109 -34.8556 -34.9649 86.9629
-85.3368 -6.60002 22.6798 -92.2837 -34.9134 -16.2721
-46.7883 -88.1917 -20.8772 -92.2837 -34.9134 -16.2721
-53.4313 -88.1917 16.7971 -92.2837 -34.9134 -16.2721
-46.7883 -88.1917 -20.8772 -92.2837 -34.9134 -16.2721
-85.3368 -6.60002 22.6798 -92.2837 -34.9134 -16.2721
-74.9079 -6.60005 -36.4655 -92.2837 -34.9134 -16.2721
-46.7883 -88.1917 -20.8772 -56.6377 -34.4557 -74.8664
-29.462 -0.267394 -74.4502 -56.6377 -34.4557 -74.8664
-18.0438 -81.859 -44.8477 -56.6377 -34.4557 -74.8664
-29.462 -0.267394 -74.4502 -56.6377 -34.4557 -74.8664
-46.7883 -88.1917 -20.8772 -56.6377 -34.4557 -74.8664
-74.9079 -6.60005 -36.4655 -56.6377 -34.4557 -74.8664
31.1566 -6.60006 -75.0698 -5.51115 -34.0849 -93.8501
-18.0438 -81.859 -44.8477 -5.51115 -34.0849 -93.8501
-29.462 -0.267394 -74.4502 -5.51115 -34.0849 -93.8501
-18.0438 -81.859 -44.8477 -5.51115 -34.0849 -93.8501
31.1566 -6.60006 -75.0698 -5.51115 -34.0849 -93.8501
20.7726 -88.1917 -45.4674 -5.51115 -34.0849 -93.8501
31.1566 -6.60006 -75.0698 60.4841 -33.85 -72.0822
50.0781 -88.1917 -20.8772 60.4841 -33.85 -72.0822
20.7726 -88.1917 -45.4674 60.4841 -33.85 -72.0822
50.0781 -88.1917 -20.8772 60.4841 -33.85 -72.0822
31.1566 -6.60006 -75.0698 60.4841 -33.85 -72.0822
77.1635 -6.60005 -36.4655 60.4841 -33.85 -72.0822
50.0781 -88.1917 -20.8772 93.5919 -32.4261 -13.7517
87.0315 -0.267371 23.2994 93.5919 -32.4261 -13.7517
56.7211 -88.1917 16.7971 93.5919 -32.4261 -13.7517
87.0315 -0.267371 23.2994 93.5919 -32.4261 -13.7517
50.0781 -88.1917 -20.8772 93.5919 -32.4261 -13.7517
77.1635 -6.60005 -36.4655 93.5919 -32.4261 -13.7517
87.0315 -0.267371 23.2994 82.9034 -32.9268 45.198
37.5933 -88.1917 49.9274 82.9034 -32.9268 45.198
56.7211 -88.1917 16.7971 82.9034 -32.9268 45.198
37.5933 -88.1917 49.9274 82.9034 -32.9268 45.198
87.0315 -0.267371 23.2994 82.9034 -32.9268 45.198
57.5636 -6.60005 74.6913 82.9034 -32.9268 45.198
37.5933 -88.1917 49.9274 32.088 -34.6117 88.1612
1.1278 -6.60001 95.2322 32.088 -34.6117 88.1612
1.6449 -88.1917 63.0115 32.088 -34.6117 88.1612
1.1278 -6.60001 95.2322 32.088 -34.6117 88.1612
37.5933 -88.1917 49.9274 32.088 -34.6117 88.1612
57.5636 -6.60005 74.6913 32.088 -34.6117 88.1612
48.527 -12.3674 63.0715 31.1447 -41.3267 85.5693
0.749186 52.5785 111.828 31.1447 -41.3267 85.5693
1.20284 -12.3674 80.296 31.1447 -41.3267 85.5693
0.749186 52.5785 111.828 31.1447 -41.3267 85.5693
48.527 -12.3674 63.0715 31.1447 -41.3267 85.5693
68.0796 52.5785 87.3213 31.1447 -41.3267 85.5693
103.344 58.9111 25.8889 80.773 -39.1035 44.1208
48.527 -12.3674 63.0715 80.773 -39.1035 44.1208
73.7077 -12.3674 19.4573 80.773 -39.1035 44.1208
48.527 -12.3674 63.0715 80.773 -39.1035 44.1208
103.344 58.9111 25.8889 80.773 -39.1035 44.1208
68.0796 52.5785 87.3213 80.773 -39.1035 44.1208
64.9625 -12.3675 -30.139 91.2923 -38.4902 -13.5726
103.344 58.9111 25.8889 91.2923 -38.4902 -13.5726
73.7077 -12.3674 19.4573 91.2923 -38.4902 -13.5726
103.344 58.9111 25.8889 91.2923 -38.4902 -13.5726
64.9625 -12.3675 -30.139 91.2923 -38.4902 -13.5726
91.4632 52.5784 -45.2937 91.2923 -38.4902 -13.5726
36.5749 52.5784 -91.3504 58.8128 -40.3533 -70.0904
64.9625 -12.3675 -30.139 58.8128 -40.3533 -70.0904
26.3835 -12.3675 -62.5106 58.8128 -40.3533 -70.0904
64.9625 -12.3675 -30.139 58.8128 -40.3533 -70.0904
36.5749 52.5784 -91.3504 58.8128 -40.3533 -70.0904
91.4632 52.5784 -45.2937 58.8128 -40.3533 -70.0904
36.5749 52.5784 -91.3504 -5.09056 -40.5615 -91.2625
-24.5387 -6.0348 -61.8909 -5.09056 -40.5615 -91.2625
-35.6375 58.9111 -90.7308 -5.09056 -40.5615 -91.2625
-24.5387 -6.0348 -61.8909 -5.09056 -40.5615 -91.2625
36.5749 52.5784 -91.3504 -5.09056 -40.5615 -91.2625
26.3835 -12.3675 -62.5106 -5.09056 -40.5615 -91.2625
-62.5568 -12.3675 -30.1389 -55.1337 -40.9615 -72.6804
-35.6375 58.9111 -90.7308 -55.1337 -40.9615 -72.6804
-24.5387 -6.0348 -61.8909 -55.1337 -40.9615 -72.6804
-35.6375 58.9111 -90.7308 -55.1337 -40.9615 -72.6804
-62.5568 -12.3675 -30.1389 -55.1337 -40.9615 -72.6804
-89.9648 52.5784 -45.2937 -55.1337 -40.9615 -72.6804
-102.407 52.5785 25.2692 -89.6004 -41.499 -15.7989
-62.5568 -12.3675 -30.1389 -89.6004 -41.499 -15.7989
-71.302 -12.3674 19.4573 -89.6004 -41.499 -15.7989
-62.5568 -12.3675 -30.1389 -89.6004 -41.499 -15.7989
-102.407 52.5785 25.2692 -89.6004 -41.499 -15.7989
-89.9648 52.5784 -45.2937 -89.6004 -41.499 -15.7989
0.749186 52.5785 111.828 -34.038 -41.6772 84.2877
-46.6822 -6.03477 63.6911 -34.038 -41.6772 84.2877
1.20284 -12.3674 80.296 -34.038 -41.6772 84.2877
-46.6822 -6.03477 63.6911 -34.038 -41.6772 84.2877
0.749186 52.5785 111.828 -34.038 -41.6772 84.2877
-67.1421 58.9111 87.9409 -34.038 -41.6772 84.2877
-46.6822 -6.03477 63.6911 -77.0838 -41.7387 48.1245
-102.407 52.5785 25.2692 -77.0838 -41.7387 48.1245
-71.302 -12.3674 19.4573 -77.0838 -41.7387 48.1245
-102.407 52.5785 25.2692 -77.0838 -41.7387 48.1245
-46.6822 -6.03477 63.6911 -77.0838 -41.7387 48.1245
-67.1421 58.9111 87.9409 -77.0838 -41.7387 48.1245
-25.5616 -245.352 13.8362 18.2353 86.2783 -47.1543
-9.58898 -244.029 22.4349 18.2353 86.2783 -47.1543
-15.2101 -250.361 11.1077 18.2353 86.2783 -47.1543
-9.58898 -244.029 22.4349 18.2353 86.2783 -47.1543
-25.5616 -245.352 13.8362 18.2353 86.2783 -47.1543
-16.3229 -239.02 31.4293 18.2353 86.2783 -47.1543
2.59037 -250.361 26.0441 43.4649 85.6698 -27.7756
-9.58898 -244.029 22.4349 43.4649 85.6698 -27.7756
2.65532 -245.352 37.513 43.4649 85.6698 -27.7756
-9.58898 -244.029 22.4349 43.4649 85.6698 -27.7756
-16.3229 -239.02 31.4293 43.4649 85.6698 -27.7756
2.65532 -245.352 37.513 43.4649 85.6698 -27.7756
-22.1583 -245.352 -5.46536 45.1108 88.8918 7.9542
-15.2101 -250.361 11.1077 45.1108 88.8918 7.9542
-13.0631 -250.361 -1.06857 45.1108 88.8918 7.9542
-15.2101 -250.361 11.1077 45.1108 88.8918 7.9542
-22.1583 -245.352 -5.46536 45.1108 88.8918 7.9542
-25.5616 -245.352 13.8362 45.1108 88.8918 7.9542
-13.0631 -250.361 -1.06857 3.38343 81.639 57.6508
-7.70524 -239.02 -17.4439 3.38343 81.639 57.6508
-22.1583 -245.352 -5.46536 3.38343 81.639 57.6508
-7.70524 -239.02 -17.4439 3.38343 81.639 57.6508
-13.0631 -250.361 -1.06857 3.38343 81.639 57.6508
-4.15259 -244.029 -8.39643 3.38343 81.639 57.6508
-7.70524 -239.02 -17.4439 33.2627 82.4038 45.8607
8.77242 -250.361 -9.01606 33.2627 82.4038 45.8607
12.455 -245.352 -18.0635 33.2627 82.4038 45.8607
8.77242 -250.361 -9.01606 33.2627 82.4038 45.8607
-7.70524 -239.02 -17.4439 33.2627 82.4038 45.8607
-4.15259 -244.029 -8.39643 33.2627 82.4038 45.8607
27.4689 -245.352 -5.46536 -30.4862 88.0373 36.3321
12.455 -245.352 -18.0635 -30.4862 88.0373 36.3321
18.2439 -250.361 -1.06857 -30.4862 88.0373 36.3321
18.2439 -250.361 -1.06857 -30.4862 88.0373 36.3321
12.455 -245.352 -18.0635 -30.4862 88.0373 36.3321
8.77242 -250.361 -9.01606 -30.4862 88.0373 36.3321
18.2439 -250.361 -1.06857 -65.0195 75.8216 -4.8521
20.3909 -250.361 11.1077 -65.0195 75.8216 -4.8521
27.4689 -245.352 -5.46536 -65.0195 75.8216 -4.8521
20.3909 -250.361 11.1077 -65.0195 75.8216 -4.8521
30.3114 -239.02 14.4558 -65.0195 75.8216 -4.8521
27.4689 -245.352 -5.46536 -65.0195 75.8216 -4.8521
30.3114 -239.02 14.4558 -61.8854 76.6136 -17.3366
14.2088 -250.361 21.8153 -61.8854 76.6136 -17.3366
21.0726 -245.352 30.8097 -61.8854 76.6136 -17.3366
14.2088 -250.361 21.8153 -61.8854 76.6136 -17.3366
30.3114 -239.02 14.4558 -61.8854 76.6136 -17.3366
20.3909 -250.361 11.1077 -61.8854 76.6136 -17.3366
2.65532 -245.352 37.513 -14.3908 90.717 -39.5389
21.0726 -245.352 30.8097 -14.3908 90.717 -39.5389
2.59037 -250.361 26.0441 -14.3908 90.717 -39.5389
2.59037 -250.361 26.0441 -14.3908 90.717 -39.5389
21.0726 -245.352 30.8097 -14.3908 90.717 -39.5389
14.2088 -250.361 21.8153 -14.3908 90.717 -39.5389
2.16044 -168.002 57.278 -12.9536 92.5502 -35.5901
33.5796 -168.002 45.8424 -12.9536 92.5502 -35.5901
2.14084 -173.256 43.6205 -12.9536 92.5502 -35.5901
2.14084 -173.256 43.6205 -12.9536 92.5502 -35.5901
33.5796 -168.002 45.8424 -12.9536 92.5502 -35.5901
25.3272 -173.257 35.1814 -12.9536 92.5502 -35.5901
49.7365 -161.669 17.5059 -53.5905 81.956 -20.2799
25.3272 -173.257 35.1814 -53.5905 81.956 -20.2799
33.5796 -168.002 45.8424 -53.5905 81.956 -20.2799
25.3272 -173.257 35.1814 -53.5905 81.956 -20.2799
49.7365 -161.669 17.5059 -53.5905 81.956 -20.2799
37.6644 -173.256 13.8128 -53.5905 81.956 -20.2799
33.3797 -173.256 -10.4867 -58.7292 80.9334 0.815094
37.6644 -173.256 13.8128 -58.7292 80.9334 0.815094
44.4914 -168.002 -16.0413 -58.7292 80.9334 0.815094
37.6644 -173.256 13.8128 -58.7292 80.9334 0.815094
49.7365 -161.669 17.5059 -58.7292 80.9334 0.815094
44.4914 -168.002 -16.0413 -58.7292 80.9334 0.815094
44.4914 -168.002 -16.0413 -26.9125 90.8132 32.073
18.8782 -168.002 -37.5333 -26.9125 90.8132 32.073
33.3797 -173.256 -10.4867 -26.9125 90.8132 32.073
33.3797 -173.256 -10.4867 -26.9125 90.8132 32.073
18.8782 -168.002 -37.5333 -26.9125 90.8132 32.073
14.478 -173.256 -26.3471 -26.9125 90.8132 32.073
-15.1183 -161.669 -36.9137 19.8386 88.6988 41.7008
14.478 -173.256 -26.3471 19.8386 88.6988 41.7008
18.8782 -168.002 -37.5333 19.8386 88.6988 41.7008
14.478 -173.256 -26.3471 19.8386 88.6988 41.7008
-15.1183 -161.669 -36.9137 19.8386 88.6988 41.7008
-10.7573 -166.924 -25.7275 19.8386 88.6988 41.7008
-29.098 -173.256 -10.4867 11.5569 88.5765 44.9514
-15.1183 -161.669 -36.9137 11.5569 88.5765 44.9514
-40.1705 -168.002 -16.0413 11.5569 88.5765 44.9514
-15.1183 -161.669 -36.9137 11.5569 88.5765 44.9514
-29.098 -173.256 -10.4867 11.5569 88.5765 44.9514
-10.7573 -166.924 -25.7275 11.5569 88.5765 44.9514
-40.1705 -168.002 -16.0413 39.868 91.4392 7.02984
-33.3827 -173.256 13.8128 39.868 91.4392 7.02984
-29.098 -173.256 -10.4867 39.868 91.4392 7.02984
-33.3827 -173.256 13.8128 39.868 91.4392 7.02984
-40.1705 -168.002 -16.0413 39.868 91.4392 7.02984
-45.9765 -168.002 16.8863 39.868 91.4392 7.02984
2.14084 -173.256 43.6205 30.3291 90.7675 -29.0071
-21.6064 -166.924 35.801 30.3291 90.7675 -29.0071
2.16044 -168.002 57.278 30.3291 90.7675 -29.0071
-21.6064 -166.924 35.801 30.3291 90.7675 -29.0071
-29.8196 -161.669 46.462 30.3291 90.7675 -29.0071
2.16044 -168.002 57.278 30.3291 90.7675 -29.0071
-45.9765 -168.002 16.8863 22.9647 90.9052 -34.7689
-21.6064 -166.924 35.801 22.9647 90.9052 -34.7689
-33.3827 -173.256 13.8128 22.9647 90.9052 -34.7689
-21.6064 -166.924 35.801 22.9647 90.9052 -34.7689
-45.9765 -168.002 16.8863 22.9647 90.9052 -34.7689
-29.8196 -161.669 46.462 22.9647 90.9052 -34.7689
-68.6282 -82.9855 20.2763 21.3731 93.7885 -27.3297
-34.8644 -81.859 50.547 21.3731 93.7885 -27.3297
-53.4313 -88.1917 16.7971 21.3731 93.7885 -27.3297
-34.8644 -81.859 50.547 21.3731 93.7885 -27.3297
-68.6282 -82.9855 20.2763 21.3731 93.7885 -27.3297
-44.7934 -76.6528 63.1506 21.3731 93.7885 -27.3297
1.6449 -88.1917 63.0115 23.221 93.7654 -25.8618
-34.8644 -81.859 50.547 23.221 93.7654 -25.8618
1.61651 -82.9855 79.2186 23.221 93.7654 -25.8618
-34.8644 -81.859 50.547 23.221 93.7654 -25.8618
-44.7934 -76.6528 63.1506 23.221 93.7654 -25.8618
1.61651 -82.9855 79.2186 23.221 93.7654 -25.8618
-60.1556 -82.9855 -27.7739 33.5621 94.0136 5.91788
-53.4313 -88.1917 16.7971 33.5621 94.0136 5.91788
-46.7883 -88.1917 -20.8772 33.5621 94.0136 5.91788
-53.4313 -88.1917 16.7971 33.5621 94.0136 5.91788
-60.1556 -82.9855 -27.7739 33.5621 94.0136 5.91788
-68.6282 -82.9855 20.2763 33.5621 94.0136 5.91788
-46.7883 -88.1917 -20.8772 12.0782 92.5503 35.8966
-23.3401 -76.6529 -58.5168 12.0782 92.5503 35.8966
-60.1556 -82.9855 -27.7739 12.0782 92.5503 35.8966
-23.3401 -76.6529 -58.5168 12.0782 92.5503 35.8966
-46.7883 -88.1917 -20.8772 12.0782 92.5503 35.8966
-18.0438 -81.859 -44.8477 12.0782 92.5503 35.8966
-23.3401 -76.6529 -58.5168 13.7923 92.5676 35.2279
20.7726 -88.1917 -45.4674 13.7923 92.5676 35.2279
26.0122 -82.9855 -59.1364 13.7923 92.5676 35.2279
20.7726 -88.1917 -45.4674 13.7923 92.5676 35.2279
-23.3401 -76.6529 -58.5168 13.7923 92.5676 35.2279
-18.0438 -81.859 -44.8477 13.7923 92.5676 35.2279
63.3887 -82.9855 -27.7739 -22.6328 93.5961 26.9727
26.0122 -82.9855 -59.1364 -22.6328 93.5961 26.9727
50.0781 -88.1917 -20.8772 -22.6328 93.5961 26.9727
50.0781 -88.1917 -20.8772 -22.6328 93.5961 26.9727
26.0122 -82.9855 -59.1364 -22.6328 93.5961 26.9727
20.7726 -88.1917 -45.4674 -22.6328 93.5961 26.9727
50.0781 -88.1917 -20.8772 -51.2869 85.8145 2.35138
56.7211 -88.1917 16.7971 -51.2869 85.8145 2.35138
63.3887 -82.9855 -27.7739 -51.2869 85.8145 2.35138
56.7211 -88.1917 16.7971 -51.2869 85.8145 2.35138
71.3003 -76.6528 20.896 -51.2869 85.8145 2.35138
63.3887 -82.9855 -27.7739 -51.2869 85.8145 2.35138
71.3003 -76.6528 20.896 -46.1832 86.5928 -19.2039
37.5933 -88.1917 49.9274 -46.1832 86.5928 -19.2039
47.4655 -82.9855 62.531 -46.1832 86.5928 -19.2039
37.5933 -88.1917 49.9274 -46.1832 86.5928 -19.2039
71.3003 -76.6528 20.896 -46.1832 86.5928 -19.2039
56.7211 -88.1917 16.7971 -46.1832 86.5928 -19.2039
1.61651 -82.9855 79.2186 -11.0694 94.6177 -30.4132
47.4655 -82.9855 62.531 -11.0694 94.6177 -30.4132
1.6449 -88.1917 63.0115 -11.0694 94.6177 -30.4132
1.6449 -88.1917 63.0115 -11.0694 94.6177 -30.4132
47.4655 -82.9855 62.531 -11.0694 94.6177 -30.4132
37.5933 -88.1917 49.9274 -11.0694 94.6177 -30.4132
1.1278 -6.60001 95.2322 -13.0198 92.4709 -35.7718
57.5636 -6.60005 74.6913 -13.0198 92.4709 -35.7718
1.20284 -12.3674 80.296 -13.0198 92.4709 -35.7718
1.20284 -12.3674 80.296 -13.0198 92.4709 -35.7718
57.5636 -6.60005 74.6913 -13.0198 92.4709 -35.7718
48.527 -12.3674 63.0715 -13.0198 92.4709 -35.7718
87.0315 -0.267371 23.2994 -50.3067 83.199 -23.3913
48.527 -12.3674 63.0715 -50.3067 83.199 -23.3913
57.5636 -6.60005 74.6913 -50.3067 83.199 -23.3913
48.527 -12.3674 63.0715 -50.3067 83.199 -23.3913
87.0315 -0.267371 23.2994 -50.3067 83.199 -23.3913
73.7077 -12.3674 19.4573 -50.3067 83.199 -23.3913
64.9625 -12.3675 -30.139 -56.953 82.0484 4.94223
73.7077 -12.3674 19.4573 -56.953 82.0484 4.94223
77.1635 -6.60005 -36.4655 -56.953 82.0484 4.94223
73.7077 -12.3674 19.4573 -56.953 82.0484 4.94223
87.0315 -0.267371 23.2994 -56.953 82.0484 4.94223
77.1635 -6.60005 -36.4655 -56.953 82.0484 4.94223
77.1635 -6.60005 -36.4655 -26.5974 91.0376 31.6975
31.1566 -6.60006 -75.0698 -26.5974 91.0376 31.6975
64.9625 -12.3675 -30.139 -26.5974 91.0376 31.6975
64.9625 -12.3675 -30.139 -26.5974 91.0376 31.6975
31.1566 -6.60006 -75.0698 -26.5974 91.0376 31.6975
26.3835 -12.3675 -62.5106 -26.5974 91.0376 31.6975
-29.462 -0.267394 -74.4502 10.7225 90.3764 41.4382
26.3835 -12.3675 -62.5106 10.7225 90.3764 41.4382
31.1566 -6.60006 -75.0698 10.7225 90.3764 41.4382
26.3835 -12.3675 -62.5106 10.7225 90.3764 41.4382
-29.462 -0.267394 -74.4502 10.7225 90.3764 41.4382
-24.5387 -6.0348 -61.8909 10.7225 90.3764 41.4382
-62.5568 -12.3675 -30.1389 18.387 90.4683 38.4369
-29.462 -0.267394 -74.4502 18.387 90.4683 38.4369
-74.9079 -6.60005 -36.4655 18.387 90.4683 38.4369
-29.462 -0.267394 -74.4502 18.387 90.4683 38.4369
-62.5568 -12.3675 -30.1389 18.387 90.4683 38.4369
-24.5387 -6.0348 -61.8909 18.387 90.4683 38.4369
-74.9079 -6.60005 -36.4655 39.2743 91.7037 6.92508
-71.302 -12.3674 19.4573 39.2743 91.7037 6.92508
-62.5568 -12.3675 -30.1389 39.2743 91.7037 6.92508
-71.302 -12.3674 19.4573 39.2743 91.7037 6.92508
-74.9079 -6.60005 -36.4655 39.2743 91.7037 6.92508
-85.3368 -6.60002 22.6798 39.2743 91.7037 6.92508
1.20284 -12.3674 80.296 22.3189 92.0118 -32.1821
-46.6822 -6.03477 63.6911 22.3189 92.0118 -32.1821
1.1278 -6.60001 95.2322 22.3189 92.0118 -32.1821
-46.6822 -6.03477 63.6911 22.3189 92.0118 -32.1821
-55.8689 -0.267367 75.3109 22.3189 92.0118 -32.1821
1.1278 -6.60001 95.2322 22.3189 92.0118 -32.1821
-85.3368 -6.60002 22.6798 27.9927 91.9338 -27.6512
-46.6822 -6.03477 63.6911 27.9927 91.9338 -27.6512
-71.302 -12.3674 19.4573 27.9927 91.9338 -27.6512
-46.6822 -6.03477 63.6911 27.9927 91.9338 -27.6512
-85.3368 -6.60002 22.6798 27.9927 91.9338 -27.6512
-55.8689 -0.267367 75.3109 27.9927 91.9338 -27.6512
-102.407 52.5785 25.2692 24.337 93.9755 -24.0066
-55.8764 52.9558 73.9171 24.337 93.9755 -24.0066
-85.2052 46.6231 21.5268 24.337 93.9755 -24.0066
-55.8764 52.9558 73.9171 24.337 93.9755 -24.0066
-102.407 52.5785 25.2692 24.337 93.9755 -24.0066
-67.1421 58.9111 87.9409 24.337 93.9755 -24.0066
0.858914 46.6231 93.7432 19.3799 94.0201 -28.0115
-55.8764 52.9558 73.9171 19.3799 94.0201 -28.0115
0.749186 52.5785 111.828 19.3799 94.0201 -28.0115
-55.8764 52.9558 73.9171 19.3799 94.0201 -28.0115
-67.1421 58.9111 87.9409 19.3799 94.0201 -28.0115
0.749186 52.5785 111.828 19.3799 94.0201 -28.0115
-89.9648 52.5784 -45.2937 33.8133 93.9208 5.96214
-85.2052 46.6231 21.5268 33.8133 93.9208 5.96214
-74.8246 46.6231 -37.3445 33.8133 93.9208 5.96214
-85.2052 46.6231 21.5268 33.8133 93.9208 5.96214
-89.9648 52.5784 -45.2937 33.8133 93.9208 5.96214
-102.407 52.5785 25.2692 33.8133 93.9208 5.96214
-74.8246 46.6231 -37.3445 15.7218 93.0913 32.9673
-35.6375 58.9111 -90.7308 15.7218 93.0913 32.9673
-89.9648 52.5784 -45.2937 15.7218 93.0913 32.9673
-35.6375 58.9111 -90.7308 15.7218 93.0913 32.9673
-74.8246 46.6231 -37.3445 15.7218 93.0913 32.9673
-29.5918 52.9557 -75.1504 15.7218 93.0913 32.9673
-35.6375 58.9111 -90.7308 9.22105 93.0325 35.4954
30.7487 46.6231 -75.7701 9.22105 93.0325 35.4954
36.5749 52.5784 -91.3504 9.22105 93.0325 35.4954
30.7487 46.6231 -75.7701 9.22105 93.0325 35.4954
-35.6375 58.9111 -90.7308 9.22105 93.0325 35.4954
-29.5918 52.9557 -75.1504 9.22105 93.0325 35.4954
91.4632 52.5784 -45.2937 -22.8225 93.4846 27.1987
36.5749 52.5784 -91.3504 -22.8225 93.4846 27.1987
76.5425 46.6231 -37.3445 -22.8225 93.4846 27.1987
76.5425 46.6231 -37.3445 -22.8225 93.4846 27.1987
36.5749 52.5784 -91.3504 -22.8225 93.4846 27.1987
30.7487 46.6231 -75.7701 -22.8225 93.4846 27.1987
76.5425 46.6231 -37.3445 -49.8886 86.5588 4.32483
86.9231 46.6231 21.5268 -49.8886 86.5588 4.32483
91.4632 52.5784 -45.2937 -49.8886 86.5588 4.32483
86.9231 46.6231 21.5268 -49.8886 86.5588 4.32483
103.344 58.9111 25.8889 -49.8886 86.5588 4.32483
91.4632 52.5784 -45.2937 -49.8886 86.5588 4.32483
103.344 58.9111 25.8889 -44.2183 87.3028 -20.5663
57.0333 46.6231 73.2974 -44.2183 87.3028 -20.5663
68.0796 52.5785 87.3213 -44.2183 87.3028 -20.5663
57.0333 46.6231 73.2974 -44.2183 87.3028 -20.5663
103.344 58.9111 25.8889 -44.2183 87.3028 -20.5663
86.9231 46.6231 21.5268 -44.2183 87.3028 -20.5663
0.749186 52.5785 111.828 -11.3337 94.3498 -31.1394
68.0796 52.5785 87.3213 -11.3337 94.3498 -31.1394
0.858914 46.6231 93.7432 -11.3337 94.3498 -31.1394
0.858914 46.6231 93.7432 -11.3337 94.3498 -31.1394
68.0796 52.5785 87.3213 -11.3337 94.3498 -31.1394
57.0333 46.6231 73.2974 -11.3337 94.3498 -31.1394
0.402475 106.77 124.099 -28.1657 56.73 -77.3847
64.8227 82.2287 82.6616 -28.1657 56.73 -77.3847
0.543976 82.2287 106.057 -28.1657 56.73 -77.3847
64.8227 82.2287 82.6616 -28.1657 56.73 -77.3847
0.402475 106.77 124.099 -28.1657 56.73 -77.3847
75.8293 106.77 96.6463 -28.1657 56.73 -77.3847
75.8293 106.77 96.6463 -69.6616 66.5774 -26.7341
115.402 113.102 27.7522 -69.6616 66.5774 -26.7341
64.8227 82.2287 82.6616 -69.6616 66.5774 -26.7341
99.0248 101.636 23.422 -69.6616 66.5774 -26.7341
64.8227 82.2287 82.6616 -69.6616 66.5774 -26.7341
115.402 113.102 27.7522 -69.6616 66.5774 -26.7341
87.1465 101.636 -43.9428 -46.4826 88.4417 4.17511
99.0248 101.636 23.422 -46.4826 88.4417 4.17511
102.025 106.77 -51.9156 -46.4826 88.4417 4.17511
99.0248 101.636 23.422 -46.4826 88.4417 4.17511
115.402 113.102 27.7522 -46.4826 88.4417 4.17511
102.025 106.77 -51.9156 -46.4826 88.4417 4.17511
102.025 106.77 -51.9156 -51.165 72.3939 46.2738
40.5362 106.77 -103.511 -51.165 72.3939 46.2738
87.1465 101.636 -43.9428 -51.165 72.3939 46.2738
87.1465 101.636 -43.9428 -51.165 72.3939 46.2738
40.5362 106.77 -103.511 -51.165 72.3939 46.2738
34.746 82.2287 -87.9121 -51.165 72.3939 46.2738
40.5362 106.77 -103.511 5.2283 53.5902 84.2659
-34.219 88.5613 -87.2924 5.2283 53.5902 84.2659
34.746 82.2287 -87.9121 5.2283 53.5902 84.2659
-34.219 88.5613 -87.2924 5.2283 53.5902 84.2659
40.5362 106.77 -103.511 5.2283 53.5902 84.2659
-40.2923 113.102 -102.891 5.2283 53.5902 84.2659
-86.0586 101.636 -43.9428 46.3458 73.0297 50.187
-40.2923 113.102 -102.891 46.3458 73.0297 50.187
-101.22 106.77 -51.9155 46.3458 73.0297 50.187
-40.2923 113.102 -102.891 46.3458 73.0297 50.187
-86.0586 101.636 -43.9428 46.3458 73.0297 50.187
-34.219 88.5613 -87.2924 46.3458 73.0297 50.187
-101.22 106.77 -51.9155 29.5563 95.3901 5.21155
-97.9368 101.636 23.422 29.5563 95.3901 5.21155
-86.0586 101.636 -43.9428 29.5563 95.3901 5.21155
-97.9368 101.636 23.422 29.5563 95.3901 5.21155
-101.22 106.77 -51.9155 29.5563 95.3901 5.21155
-115.158 106.77 27.1326 29.5563 95.3901 5.21155
0.543976 82.2287 106.057 36.6282 74.4101 -55.8705
-64.2957 107.969 83.2813 36.6282 74.4101 -55.8705
0.402475 106.77 124.099 36.6282 74.4101 -55.8705
-64.2957 107.969 83.2813 36.6282 74.4101 -55.8705
-75.5853 113.102 97.266 36.6282 74.4101 -55.8705
0.402475 106.77 124.099 36.6282 74.4101 -55.8705
-115.158 106.77 27.1326 21.1798 95.399 -21.2237
-64.2957 107.969 83.2813 21.1798 95.399 -21.2237
-97.9368 101.636 23.422 21.1798 95.399 -21.2237
-64.2957 107.969 83.2813 21.1798 95.399 -21.2237
-115.158 106.77 27.1326 21.1798 95.399 -21.2237
-75.5853 113.102 97.266 21.1798 95.399 -21.2237
-0.800625 73.3005 49.4182 33.7085 16.926 92.6134
17.2136 132.723 32.0014 33.7085 16.926 92.6134
-0.800624 132.723 38.558 33.7085 16.926 92.6134
17.2136 132.723 32.0014 33.7085 16.926 92.6134
-0.800625 73.3005 49.4182 33.7085 16.926 92.6134
24.1944 73.3005 40.3207 33.7085 16.926 92.6134
37.4939 73.3005 17.2852 85.353 16.926 49.2786
17.2136 132.723 32.0014 85.353 16.926 49.2786
24.1944 73.3005 40.3207 85.353 16.926 49.2786
17.2136 132.723 32.0014 85.353 16.926 49.2786
37.4939 73.3005 17.2852 85.353 16.926 49.2786
26.7988 132.723 15.3994 85.353 16.926 49.2786
37.4939 73.3005 17.2852 97.0599 16.926 -17.1143
23.4699 132.723 -3.47976 97.0599 16.926 -17.1143
26.7988 132.723 15.3994 97.0599 16.926 -17.1143
23.4699 132.723 -3.47976 97.0599 16.926 -17.1143
37.4939 73.3005 17.2852 97.0599 16.926 -17.1143
32.875 73.3005 -8.9098 97.0599 16.926 -17.1143
12.4989 73.3005 -26.0074 63.3513 16.9259 -75.4992
23.4699 132.723 -3.47976 63.3513 16.9259 -75.4992
32.875 73.3005 -8.9098 63.3513 16.9259 -75.4992
23.4699 132.723 -3.47976 63.3513 16.9259 -75.4992
12.4989 73.3005 -26.0074 63.3513 16.9259 -75.4992
8.78456 132.723 -15.8022 63.3513 16.9259 -75.4992
12.4989 73.3005 -26.0074 -1.61994e-05 16.9259 -98.5571
-10.3858 132.723 -15.8022 -1.61994e-05 16.9259 -98.5571
8.78456 132.723 -15.8022 -1.61994e-05 16.9259 -98.5571
-10.3858 132.723 -15.8022 -1.61994e-05 16.9259 -98.5571
12.4989 73.3005 -26.0074 -1.61994e-05 16.9259 -98.5571
-14.1002 73.3005 -26.0074 -1.61994e-05 16.9259 -98.5571
-14.1002 73.3005 -26.0074 -63.3513 16.9259 -75.4991
-25.0712 132.723 -3.47976 -63.3513 16.9259 -75.4991
-10.3858 132.723 -15.8022 -63.3513 16.9259 -75.4991
-25.0712 132.723 -3.47976 -63.3513 16.9259 -75.4991
-14.1002 73.3005 -26.0074 -63.3513 16.9259 -75.4991
-34.4763 73.3005 -8.9098 -63.3513 16.9259 -75.4991
-39.0952 73.3005 17.2852 -97.0599 16.926 -17.1143
-25.0712 132.723 -3.47976 -97.0599 16.926 -17.1143
-34.4763 73.3005 -8.9098 -97.0599 16.926 -17.1143
-25.0712 132.723 -3.47976 -97.0599 16.926 -17.1143
-39.0952 73.3005 17.2852 -97.0599 16.926 -17.1143
-28.4001 132.723 15.3994 -97.0599 16.926 -17.1143
-39.0952 73.3005 17.2852 6.81395e-06 -100 1.78814e-05
-0.800625 73.3005 49.4182 6.81395e-06 -100 1.78814e-05
-25.7956 73.3005 40.3207 6.81395e-06 -100 1.78814e-05
-0.800625 73.3005 49.4182 6.81395e-06 -100 1.78814e-05
37.4939 73.3005 17.2852 6.81395e-06 -100 1.78814e-05
24.1944 73.3005 40.3207 6.81395e-06 -100 1.78814e-05
-34.4763 73.3005 -8.9098 6.81395e-06 -100 1.78814e-05
12.4989 73.3005 -26.0074 6.81395e-06 -100 1.78814e-05
-0.800625 73.3005 49.4182 6.81395e-06 -100 1.78814e-05
-34.4763 73.3005 -8.9098 6.81395e-06 -100 1.78814e-05
-0.800625 73.3005 49.4182 6.81395e-06 -100 1.78814e-05
-39.0952 73.3005 17.2852 6.81395e-06 -100 1.78814e-05
12.4989 73.3005 -26.0074 6.81395e-06 -100 1.78814e-05
-34.4763 73.3005 -8.9098 6.81395e-06 -100 1.78814e-05
-14.1002 73.3005 -26.0074 6.81395e-06 -100 1.78814e-05
32.875 73.3005 -8.9098 6.81395e-06 -100 1.78814e-05
-0.800625 73.3005 49.4182 6.81395e-06 -100 1.78814e-05
12.4989 73.3005 -26.0074 6.81395e-06 -100 1.78814e-05
37.4939 73.3005 17.2852 6.81395e-06 -100 1.78814e-05
-0.800625 73.3005 49.4182 6.81395e-06 -100 1.78814e-05
32.875 73.3005 -8.9098 6.81395e-06 -100 1.78814e-05
-0.800625 73.3005 49.4182 -33.7085 16.926 92.6134
-18.8149 132.723 32.0014 -33.7085 16.926 92.6134
-25.7956 73.3005 40.3207 -33.7085 16.926 92.6134
-18.8149 132.723 32.0014 -33.7085 16.926 92.6134
-0.800625 73.3005 49.4182 -33.7085 16.926 92.6134
-0.800624 132.723 38.558 -33.7085 16.926 92.6134
-39.0952 73.3005 17.2852 -85.353 16.926 49.2786
-18.8149 132.723 32.0014 -85.353 16.926 49.2786
-28.4001 132.723 15.3994 -85.353 16.926 49.2786
-18.8149 132.723 32.0014 -85.353 16.926 49.2786
-39.0952 73.3005 17.2852 -85.353 16.926 49.2786
-25.7956 73.3005 40.3207 -85.353 16.926 49.2786
32.875 190.845 -8.90982 -6.81395e-06 100 -1.78814e-05
-0.800625 190.845 49.4181 -6.81395e-06 100 -1.78814e-05
37.4939 190.845 17.2852 -6.81395e-06 100 -1.78814e-05
-0.800625 190.845 49.4181 -6.81395e-06 100 -1.78814e-05
-34.4763 190.845 -8.90982 -6.81395e-06 100 -1.78814e-05
-39.0952 190.845 17.2852 -6.81395e-06 100 -1.78814e-05
37.4939 190.845 17.2852 -6.81395e-06 100 -1.78814e-05
-0.800625 190.845 49.4181 -6.81395e-06 100 -1.78814e-05
24.1944 190.845 40.3207 -6.81395e-06 100 -1.78814e-05
12.4989 190.845 -26.0074 -6.81395e-06 100 -1.78814e-05
-34.4763 190.845 -8.90982 -6.81395e-06 100 -1.78814e-05
-0.800625 190.845 49.4181 -6.81395e-06 100 -1.78814e-05
12.4989 190.845 -26.0074 -6.81395e-06 100 -1.78814e-05
-0.800625 190.845 49.4181 -6.81395e-06 100 -1.78814e-05
32.875 190.845 -8.90982 -6.81395e-06 100 -1.78814e-05
-34.4763 190.845 -8.90982 -6.81395e-06 100 -1.78814e-05
12.4989 190.845 -26.0074 -6.81395e-06 100 -1.78814e-05
-14.1002 190.845 -26.0074 -6.81395e-06 100 -1.78814e-05
-0.800625 190.845 49.4181 -6.81395e-06 100 -1.78814e-05
-39.0952 190.845 17.2852 -6.81395e-06 100 -1.78814e-05
-25.7956 190.845 40.3207 -6.81395e-06 100 -1.78814e-05
-18.8149 132.723 32.0014 -85.2977 -17.2937 49.2466
-39.0952 190.845 17.2852 -85.2977 -17.2937 49.2466
-28.4001 132.723 15.3994 -85.2977 -17.2937 49.2466
-39.0952 190.845 17.2852 -85.2977 -17.2937 49.2466
-18.8149 132.723 32.0014 -85.2977 -17.2937 49.2466
-25.7956 190.845 40.3207 -85.2977 -17.2937 49.2466
-0.800625 190.845 49.4181 -33.6867 -17.2937 92.5534
-18.8149 132.723 32.0014 -33.6867 -17.2937 92.5534
-0.800624 132.723 38.558 -33.6867 -17.2937 92.5534
-18.8149 132.723 32.0014 -33.6867 -17.2937 92.5534
-0.800625 190.845 49.4181 -33.6867 -17.2937 92.5534
-25.7956 190.845 40.3207 -33.6867 -17.2937 92.5534
-39.0952 190.845 17.2852 -96.9969 -17.2937 -17.1032
-25.0712 132.723 -3.47976 -96.9969 -17.2937 -17.1032
-28.4001 132.723 15.3994 -96.9969 -17.2937 -17.1032
-25.0712 132.723 -3.47976 -96.9969 -17.2937 -17.1032
-39.0952 190.845 17.2852 -96.9969 -17.2937 -17.1032
-34.4763 190.845 -8.90982 -96.9969 -17.2937 -17.1032
-25.0712 132.723 -3.47976 -63.3103 -17.2937 -75.4502
-14.1002 190.845 -26.0074 -63.3103 -17.2937 -75.4502
-10.3858 132.723 -15.8022 -63.3103 -17.2937 -75.4502
-14.1002 190.845 -26.0074 -63.3103 -17.2937 -75.4502
-25.0712 132.723 -3.47976 -63.3103 -17.2937 -75.4502
-34.4763 190.845 -8.90982 -63.3103 -17.2937 -75.4502
-10.3858 132.723 -15.8022 -1.10343e-05 -17.2937 -98.4933
12.4989 190.845 -26.0074 -1.10343e-05 -17.2937 -98.4933
8.78456 132.723 -15.8022 -1.10343e-05 -17.2937 -98.4933
12.4989 190.845 -26.0074 -1.10343e-05 -17.2937 -98.4933
-10.3858 132.723 -15.8022 -1.10343e-05 -17.2937 -98.4933
-14.1002 190.845 -26.0074 -1.10343e-05 -17.2937 -98.4933
12.4989 190.845 -26.0074 63.3102 -17.2937 -75.4502
23.4699 132.723 -3.47976 63.3102 -17.2937 -75.4502
8.78456 132.723 -15.8022 63.3102 -17.2937 -75.4502
23.4699 132.723 -3.47976 63.3102 -17.2937 -75.4502
12.4989 190.845 -26.0074 63.3102 -17.2937 -75.4502
32.875 190.845 -8.90982 63.3102 -17.2937 -75.4502
23.4699 132.723 -3.47976 96.9969 -17.2937 -17.1032
37.4939 190.845 17.2852 96.9969 -17.2937 -17.1032
26.7988 132.723 15.3994 96.9969 -17.2937 -17.1032
37.4939 190.845 17.2852 96.9969 -17.2937 -17.1032
23.4699 132.723 -3.47976 96.9969 -17.2937 -17.1032
32.875 190.845 -8.90982 96.9969 -17.2937 -17.1032
37.4939 190.845 17.2852 85.2977 -17.2937 49.2466
17.2136 132.723 32.0014 85.2977 -17.2937 49.2466
26.7988 132.723 15.3994 85.2977 -17.2937 49.2466
17.2136 132.723 32.0014 85.2977 -17.2937 49.2466
37.4939 190.845 17.2852 85.2977 -17.2937 49.2466
24.1944 190.845 40.3207 85.2977 -17.2937 49.2466
17.2136 132.723 32.0014 33.6867 -17.2937 92.5534
-0.800625 190.845 49.4181 33.6867 -17.2937 92.5534
-0.800624 132.723 38.558 33.6867 -17.2937 92.5534
-0.800625 190.845 49.4181 33.6867 -17.2937 92.5534
17.2136 132.723 32.0014 33.6867 -17.2937 92.5534
24.1944 190.845 40.3207 33.6867 -17.2937 92.5534
}
TriangleList
{
0 1 2
3 4 5
6 7 8
9 10 11
12 13 14
15 16 17
18 19 20
21 22 23
24 25 26
27 28 29
30 31 32
33 34 35
36 37 38
39 40 41
42 43 44
45 46 47
48 49 50
51 52 53
54 55 56
57 58 59
60 61 62
63 64 65
66 67 68
69 70 71
72 73 74
75 76 77
78 79 80
81 82 83
84 85 86
87 88 89
90 91 92
93 94 95
96 97 98
99 100 101
102 103 104
105 106 107
108 109 110
111 112 113
114 115 116
117 118 119
120 121 122
123 124 125
126 127 128
129 130 131
132 133 134
135 136 137
138 139 140
141 142 143
144 145 146
147 148 149
150 151 152
153 154 155
156 157 158
159 160 161
162 163 164
165 166 167
168 169 170
171 172 173
174 175 176
177 178 179
180 181 182
183 184 185
186 187 188
189 190 191
192 193 194
195 196 197
198 199 200
201 202 203
204 205 206
207 208 209
210 211 212
213 214 215
216 217 218
219 220 221
222 223 224
225 226 227
228 229 230
231 232 233
234 235 236
237 238 239
240 241 242
243 244 245
246 247 248
249 250 251
252 253 254
255 256 257
258 259 260
261 262 263
264 265 266
267 268 269
270 271 272
273 274 275
276 277 278
279 280 281
282 283 284
285 286 287
288 289 290
291 292 293
294 295 296
297 298 299
300 301 302
303 304 305
306 307 308
309 310 311
312 313 314
315 316 317
318 319 320
321 322 323
324 325 326
327 328 329
330 331 332
333 334 335
336 337 338
339 340 341
342 343 344
345 346 347
348 349 350
351 352 353
354 355 356
357 358 359
360 361 362
363 364 365
366 367 368
369 370 371
372 373 374
375 376 377
378 379 380
381 382 383
384 385 386
387 388 389
390 391 392
393 394 395
396 397 398
399 400 401
402 403 404
405 406 407
408 409 410
411 412 413
414 415 416
417 418 419
420 421 422
423 424 425
426 427 428
429 430 431
432 433 434
435 436 437
438 439 440
441 442 443
444 445 446
447 448 449
450 451 452
453 454 455
456 457 458
459 460 461
462 463 464
465 466 467
468 469 470
471 472 473
474 475 476
477 478 479
480 481 482
483 484 485
486 487 488
489 490 491
492 493 494
495 496 497
498 499 500
501 502 503
504 505 506
507 508 509
510 511 512
513 514 515
516 517 518
519 520 521
522 523 524
525 526 527
528 529 530
531 532 533
534 535 536
537 538 539
540 541 542
543 544 545
546 547 548
549 550 551
552 553 554
555 556 557
558 559 560
561 562 563
564 565 566
567 568 569
570 571 572
573 574 575
576 577 578
579 580 581
582 583 584
585 586 587
588 589 590
591 592 593
594 595 596
597 598 599
600 601 602
603 604 605
606 607 608
609 610 611
612 613 614
615 616 617
618 619 620
621 622 623
624 625 626
627 628 629
630 631 632
633 634 635
636 637 638
639 640 641
642 643 644
645 646 647
648 649 650
651 652 653
654 655 656
657 658 659
660 661 662
663 664 665
666 667 668
669 670 671
672 673 674
675 676 677
678 679 680
681 682 683
684 685 686
687 688 689
690 691 692
693 694 695
696 697 698
699 700 701
702 703 704
705 706 707
708 709 710
711 712 713
714 715 716
717 718 719
720 721 722
723 724 725
726 727 728
729 730 731
732 733 734
735 736 737
738 739 740
741 742 743
744 745 746
747 748 749
750 751 752
753 754 755
756 757 758
759 760 761
762 763 764
765 766 767
768 769 770
771 772 773
774 775 776
777 778 779
780 781 782
783 784 785
786 787 788
789 790 791
792 793 794
795 796 797
798 799 800
801 802 803
804 805 806
807 808 809
810 811 812
813 814 815
816 817 818
819 820 821
822 823 824
825 826 827
828 829 830
831 832 833
834 835 836
837 838 839
}
